1,0.4444444444444444,0.0,0.0,0.0,0.1111111111111111,0.0,0.2222222222222222,0.0,0.0,2
2,0.4444444444444444,0.3333333333333333,0.3333333333333333,0.4444444444444444,0.6666666666666666,1.0,0.2222222222222222,0.1111111111111111,0.0,2
3,0.2222222222222222,0.0,0.0,0.0,0.1111111111111111,0.1111111111111111,0.2222222222222222,0.0,0.0,2
4,0.5555555555555556,0.7777777777777778,0.7777777777777778,0.0,0.2222222222222222,0.3333333333333333,0.2222222222222222,0.6666666666666666,0.0,2
5,0.3333333333333333,0.0,0.0,0.2222222222222222,0.1111111111111111,0.0,0.2222222222222222,0.0,0.0,2
6,0.7777777777777778,1.0,1.0,0.7777777777777778,0.6666666666666666,1.0,0.8888888888888888,0.6666666666666666,0.0,4
7,0.0,0.0,0.0,0.0,0.1111111111111111,1.0,0.2222222222222222,0.0,0.0,2
8,0.1111111111111111,0.0,0.1111111111111111,0.0,0.1111111111111111,0.0,0.2222222222222222,0.0,0.0,2
9,0.1111111111111111,0.0,0.0,0.0,0.1111111111111111,0.0,0.0,0.0,0.4444444444444444,2
10,0.3333333333333333,0.1111111111111111,0.0,0.0,0.1111111111111111,0.0,0.1111111111111111,0.0,0.0,2
11,0.0,0.0,0.0,0.0,0.0,0.0,0.2222222222222222,0.0,0.0,2
12,0.1111111111111111,0.0,0.0,0.0,0.1111111111111111,0.0,0.1111111111111111,0.0,0.0,2
13,0.4444444444444444,0.2222222222222222,0.2222222222222222,0.2222222222222222,0.1111111111111111,0.2222222222222222,0.3333333333333333,0.3333333333333333,0.0,4
14,0.0,0.0,0.0,0.0,0.1111111111111111,0.2222222222222222,0.2222222222222222,0.0,0.0,2
15,0.7777777777777778,0.6666666666666666,0.4444444444444444,1.0,0.6666666666666666,0.8888888888888888,0.4444444444444444,0.4444444444444444,0.3333333333333333,4
16,0.6666666666666666,0.3333333333333333,0.5555555555555556,0.3333333333333333,0.5555555555555556,0.0,0.3333333333333333,0.2222222222222222,0.0,4
17,0.3333333333333333,0.0,0.0,0.0,0.1111111111111111,0.0,0.1111111111111111,0.0,0.0,2
18,0.3333333333333333,0.0,0.0,0.0,0.1111111111111111,0.0,0.2222222222222222,0.0,0.0,2
19,1.0,0.6666666666666666,0.6666666666666666,0.5555555555555556,0.3333333333333333,1.0,0.3333333333333333,0.0,0.1111111111111111,4
20,0.5555555555555556,0.0,0.0,0.0,0.1111111111111111,0.0,0.2222222222222222,0.0,0.0,2
21,0.6666666666666666,0.2222222222222222,0.1111111111111111,1.0,0.4444444444444444,1.0,0.4444444444444444,0.3333333333333333,0.3333333333333333,4
22,1.0,0.4444444444444444,0.4444444444444444,0.2222222222222222,0.5555555555555556,0.6666666666666666,0.6666666666666666,1.0,0.0,4
23,0.2222222222222222,0.0,0.0,0.0,0.1111111111111111,0.0,0.1111111111111111,0.0,0.0,2
24,0.0,0.0,0.0,0.0,0.1111111111111111,0.0,0.2222222222222222,0.0,0.0,2
25,0.4444444444444444,0.1111111111111111,0.2222222222222222,0.3333333333333333,0.1111111111111111,0.6666666666666666,0.2222222222222222,0.5555555555555556,0.0,4
26,0.2222222222222222,0.1111111111111111,0.0,0.0,0.0,0.0,0.1111111111111111,0.0,0.0,2
27,0.4444444444444444,0.0,0.0,0.0,0.1111111111111111,0.0,0.1111111111111111,0.0,0.0,2
28,0.1111111111111111,0.0,0.0,0.0,0.1111111111111111,0.0,0.1111111111111111,0.0,0.0,2
29,0.0,0.0,0.2222222222222222,0.0,0.1111111111111111,0.0,0.0,0.0,0.0,2
30,0.2222222222222222,0.0,0.0,0.0,0.0,0.0,0.1111111111111111,0.0,0.0,2
31,0.1111111111111111,0.0,0.0,0.0,0.1111111111111111,0.0,0.2222222222222222,0.0,0.0,2
32,1.0,0.6666666666666666,0.6666666666666666,0.2222222222222222,0.7777777777777778,0.4444444444444444,0.6666666666666666,0.3333333333333333,0.2222222222222222,4
33,0.1111111111111111,0.0,0.0,0.1111111111111111,0.1111111111111111,0.0,0.2222222222222222,0.0,0.0,2
34,0.2222222222222222,0.0,0.1111111111111111,0.0,0.1111111111111111,0.0,0.1111111111111111,0.0,0.0,2
35,0.1111111111111111,0.0,0.0,0.0,0.1111111111111111,0.0,0.1111111111111111,0.0,0.0,2
36,1.0,1.0,1.0,0.7777777777777778,0.5555555555555556,0.0,0.7777777777777778,0.8888888888888888,0.0,4
37,0.5555555555555556,0.1111111111111111,0.0,0.0,0.0,0.0,0.6666666666666666,0.0,0.0,2
38,0.4444444444444444,0.3333333333333333,0.3333333333333333,0.8888888888888888,0.1111111111111111,1.0,0.4444444444444444,0.5555555555555556,0.0,4
39,0.1111111111111111,0.4444444444444444,0.2222222222222222,0.2222222222222222,0.5555555555555556,0.6666666666666666,0.6666666666666666,0.4444444444444444,0.0,4
40,1.0,0.3333333333333333,0.2222222222222222,0.0,0.2222222222222222,0.2222222222222222,0.5555555555555556,0.4444444444444444,0.1111111111111111,4
41,0.5555555555555556,1.0,1.0,0.1111111111111111,0.7777777777777778,1.0,0.6666666666666666,0.2222222222222222,0.2222222222222222,4
42,0.4444444444444444,0.5555555555555556,0.4444444444444444,0.5555555555555556,1.0,0.0,0.2222222222222222,0.0,0.0,4
43,1.0,1.0,1.0,0.3333333333333333,0.7777777777777778,0.0,0.7777777777777778,1.0,0.0,4
44,0.0,0.0,0.0,0.0,0.1111111111111111,0.0,0.1111111111111111,0.0,0.1111111111111111,2
45,0.2222222222222222,0.6666666666666666,0.6666666666666666,0.3333333333333333,0.3333333333333333,0.8888888888888888,0.3333333333333333,0.7777777777777778,0.0,4
46,0.0,0.0,0.0,0.0,0.1111111111111111,0.0,0.1111111111111111,0.0,0.0,2
47,0.3333333333333333,0.0,0.0,0.2222222222222222,0.1111111111111111,0.0,0.2222222222222222,0.0,0.0,2
48,0.6666666666666666,0.7777777777777778,0.6666666666666666,0.1111111111111111,0.3333333333333333,0.7777777777777778,0.2222222222222222,0.7777777777777778,0.1111111111111111,4
49,0.8888888888888888,0.4444444444444444,0.7777777777777778,0.0,0.1111111111111111,0.2222222222222222,0.1111111111111111,0.0,0.4444444444444444,4
50,0.4444444444444444,0.2222222222222222,0.2222222222222222,0.3333333333333333,0.1111111111111111,0.3333333333333333,0.2222222222222222,0.3333333333333333,0.0,4
51,1.0,0.2222222222222222,0.5555555555555556,0.1111111111111111,0.2222222222222222,0.4444444444444444,0.3333333333333333,1.0,0.1111111111111111,4
52,0.4444444444444444,0.4444444444444444,0.4444444444444444,0.7777777777777778,1.0,0.7777777777777778,0.6666666666666666,0.2222222222222222,0.6666666666666666,4
53,1.0,0.4444444444444444,0.4444444444444444,0.5555555555555556,0.7777777777777778,0.7777777777777778,0.6666666666666666,0.0,0.0,4
54,1.0,0.5555555555555556,0.5555555555555556,0.2222222222222222,0.3333333333333333,0.4444444444444444,0.2222222222222222,0.5555555555555556,0.0,4
55,0.7777777777777778,1.0,1.0,0.0,0.2222222222222222,0.5555555555555556,0.2222222222222222,0.8888888888888888,0.0,4
56,0.7777777777777778,0.1111111111111111,0.3333333333333333,0.0,0.4444444444444444,0.0,0.4444444444444444,0.3333333333333333,0.3333333333333333,4
57,0.4444444444444444,0.1111111111111111,0.2222222222222222,0.0,0.5555555555555556,1.0,0.4444444444444444,0.0,0.0,4
58,0.8888888888888888,0.4444444444444444,0.4444444444444444,0.1111111111111111,0.1111111111111111,0.1111111111111111,0.4444444444444444,0.0,0.0,4
59,0.4444444444444444,0.2222222222222222,0.4444444444444444,0.4444444444444444,0.2222222222222222,0.2222222222222222,0.3333333333333333,1.0,0.0,4
60,0.0,0.0,0.0,0.0,0.1111111111111111,0.1111111111111111,0.1111111111111111,0.0,0.0,2
61,0.8888888888888888,1.0,1.0,0.0,1.0,0.7777777777777778,0.2222222222222222,0.2222222222222222,0.0,4
62,0.5555555555555556,0.2222222222222222,0.3333333333333333,0.0,0.4444444444444444,0.1111111111111111,0.2222222222222222,0.8888888888888888,0.0,4
63,0.0,0.0,0.0,0.0,0.1111111111111111,0.0,0.1111111111111111,0.0,0.0,2
64,1.0,0.3333333333333333,0.1111111111111111,0.0,0.2222222222222222,0.1111111111111111,0.3333333333333333,0.2222222222222222,1.0,4
65,0.3333333333333333,0.0,0.0,0.0,0.1111111111111111,0.0,0.2222222222222222,0.0,0.0,2
66,0.4444444444444444,0.2222222222222222,0.3333333333333333,0.0,0.7777777777777778,1.0,0.3333333333333333,0.8888888888888888,0.0,4
67,0.7777777777777778,0.2222222222222222,0.7777777777777778,0.2222222222222222,0.3333333333333333,0.8888888888888888,0.7777777777777778,0.8888888888888888,0.7777777777777778,4
68,0.0,0.0,0.0,0.0,0.1111111111111111,0.0,0.2222222222222222,0.1111111111111111,0.0,2
69,0.4444444444444444,0.0,0.2222222222222222,0.0,0.1111111111111111,0.0,0.1111111111111111,0.0,0.0,2
70,0.5555555555555556,1.0,0.1111111111111111,0.7777777777777778,1.0,0.1111111111111111,0.6666666666666666,0.7777777777777778,1.0,4
71,0.0,0.2222222222222222,0.2222222222222222,0.1111111111111111,0.1111111111111111,0.0,0.6666666666666666,0.1111111111111111,0.0,2
72,0.8888888888888888,0.3333333333333333,0.4444444444444444,1.0,0.5555555555555556,1.0,0.3333333333333333,0.7777777777777778,0.0,4
73,1.0,0.5555555555555556,0.3333333333333333,0.0,0.2222222222222222,0.3333333333333333,0.2222222222222222,0.1111111111111111,0.2222222222222222,4
74,0.0,0.0,0.1111111111111111,0.0,0.1111111111111111,0.1111111111111111,0.3333333333333333,0.1111111111111111,0.0,2
75,0.0,0.0,0.3333333333333333,0.0,0.1111111111111111,0.0,0.1111111111111111,0.0,0.0,2
76,0.4444444444444444,0.2222222222222222,0.0,0.1111111111111111,0.1111111111111111,0.0,0.1111111111111111,0.0,0.0,2
77,0.2222222222222222,0.0,0.0,0.0,0.1111111111111111,0.2222222222222222,0.2222222222222222,0.0,0.0,2
78,0.1111111111111111,0.0,0.0,0.0,0.2222222222222222,0.0,0.1111111111111111,0.0,0.0,2
79,0.1111111111111111,0.1111111111111111,0.1111111111111111,0.0,0.0,0.0,0.6666666666666666,0.0,0.0,2
80,0.3333333333333333,0.0,0.0,0.1111111111111111,0.1111111111111111,0.0,0.1111111111111111,0.0,0.0,2
81,0.4444444444444444,0.1111111111111111,0.0,0.0,0.1111111111111111,0.0,0.2222222222222222,0.0,0.0,2
82,0.2222222222222222,0.0,0.0,0.0,0.1111111111111111,0.1111111111111111,0.6666666666666666,0.0,0.0,2
83,0.2222222222222222,0.4444444444444444,0.6666666666666666,0.7777777777777778,0.7777777777777778,0.8888888888888888,0.6666666666666666,1.0,0.6666666666666666,4
84,0.4444444444444444,1.0,0.5555555555555556,0.0,1.0,0.3333333333333333,0.3333333333333333,1.0,1.0,4
85,0.2222222222222222,0.2222222222222222,0.5555555555555556,0.3333333333333333,0.4444444444444444,0.7777777777777778,0.3333333333333333,0.3333333333333333,0.0,4
86,0.2222222222222222,0.5555555555555556,0.5555555555555556,0.5555555555555556,0.4444444444444444,1.0,0.5555555555555556,0.7777777777777778,0.2222222222222222,4
87,0.3333333333333333,0.0,0.0,0.0,0.1111111111111111,0.0,0.2222222222222222,0.0,0.0,2
88,0.1111111111111111,0.0,0.0,0.1111111111111111,0.2222222222222222,0.0,0.1111111111111111,0.0,0.0,2
89,0.0,0.0,0.0,0.0,0.1111111111111111,0.0,0.2222222222222222,0.0,0.0,2
90,0.2222222222222222,0.0,0.0,0.1111111111111111,0.1111111111111111,0.0,0.0,0.0,0.0,2
91,0.3333333333333333,0.0,0.0,0.0,0.1111111111111111,0.0,0.2222222222222222,0.0,0.0,2
92,0.0,0.0,0.0,0.0,0.1111111111111111,0.0,0.1111111111111111,0.0,0.0,2
93,0.1111111111111111,0.0,0.0,0.0,0.1111111111111111,0.0,0.2222222222222222,0.0,0.0,2
94,0.0,0.0,0.0,0.0,0.1111111111111111,0.0,0.2222222222222222,0.0,0.0,2
95,0.1111111111111111,0.0,0.0,0.1111111111111111,0.1111111111111111,0.0,0.0,0.0,0.0,2
96,0.4444444444444444,0.0,0.0,0.0,0.1111111111111111,0.0,0.2222222222222222,0.0,0.0,2
97,0.8888888888888888,0.5555555555555556,0.8888888888888888,0.1111111111111111,1.0,0.5555555555555556,0.1111111111111111,0.8888888888888888,1.0,4
98,0.6666666666666666,0.4444444444444444,0.5555555555555556,1.0,0.4444444444444444,1.0,0.6666666666666666,0.8888888888888888,0.3333333333333333,4
99,1.0,0.2222222222222222,0.4444444444444444,0.0,1.0,0.4444444444444444,0.2222222222222222,1.0,0.1111111111111111,4
100,0.1111111111111111,0.2222222222222222,0.3333333333333333,0.3333333333333333,0.1111111111111111,0.4444444444444444,0.1111111111111111,0.4444444444444444,0.0,4
101,0.3333333333333333,0.0,0.1111111111111111,0.0,0.1111111111111111,0.0,0.2222222222222222,0.0,0.0,2
102,0.7777777777777778,0.1111111111111111,0.2222222222222222,0.0,0.5555555555555556,0.2222222222222222,0.6666666666666666,0.0,0.0,4
103,1.0,1.0,1.0,1.0,1.0,0.0,0.7777777777777778,0.7777777777777778,0.7777777777777778,4
104,0.6666666666666666,0.2222222222222222,0.3333333333333333,0.3333333333333333,0.2222222222222222,0.2222222222222222,0.2222222222222222,0.1111111111111111,0.6666666666666666,4
105,1.0,1.0,1.0,0.7777777777777778,0.1111111111111111,1.0,0.3333333333333333,0.0,0.0,4
106,0.0,0.5555555555555556,0.7777777777777778,1.0,0.7777777777777778,1.0,0.4444444444444444,0.6666666666666666,0.0,4
107,0.0,0.0,0.0,0.0,0.1111111111111111,0.0,0.1111111111111111,0.2222222222222222,0.0,2
108,0.5555555555555556,0.4444444444444444,0.3333333333333333,0.3333333333333333,0.2222222222222222,0.8888888888888888,0.6666666666666666,0.7777777777777778,0.2222222222222222,4
109,0.0,0.2222222222222222,0.0,0.1111111111111111,0.1111111111111111,0.1111111111111111,0.4444444444444444,0.2222222222222222,0.1111111111111111,2
110,0.7777777777777778,0.5555555555555556,0.3333333333333333,0.2222222222222222,0.4444444444444444,0.8888888888888888,0.2222222222222222,0.0,0.0,4
111,1.0,0.2222222222222222,0.2222222222222222,1.0,0.1111111111111111,1.0,0.6666666666666666,0.2222222222222222,0.2222222222222222,4
112,1.0,1.0,1.0,0.2222222222222222,1.0,0.7777777777777778,0.7777777777777778,0.0,0.0,4
113,0.2222222222222222,0.2222222222222222,0.1111111111111111,0.0,0.1111111111111111,0.2222222222222222,0.2222222222222222,0.0,0.0,2
114,0.0,0.0,0.0,0.0,0.1111111111111111,0.4444444444444444,0.0,0.0,0.0,2
115,0.7777777777777778,0.2222222222222222,0.2222222222222222,0.0,0.1111111111111111,0.1111111111111111,0.2222222222222222,0.1111111111111111,0.0,2
116,0.3333333333333333,0.4444444444444444,0.4444444444444444,1.0,0.3333333333333333,1.0,0.6666666666666666,0.4444444444444444,0.7777777777777778,4
117,0.0,0.0,0.0,0.0,0.3333333333333333,0.2222222222222222,0.0,0.0,0.0,2
118,0.2222222222222222,0.1111111111111111,0.0,0.0,0.1111111111111111,0.1111111111111111,0.2222222222222222,0.0,0.0,2
119,0.0,0.0,0.1111111111111111,0.1111111111111111,0.1111111111111111,0.0,0.2222222222222222,0.0,0.0,2
120,0.3333333333333333,0.1111111111111111,0.0,0.0,0.1111111111111111,0.1111111111111111,0.2222222222222222,0.0,0.0,2
121,1.0,1.0,1.0,0.1111111111111111,1.0,1.0,0.4444444444444444,0.2222222222222222,0.2222222222222222,4
122,0.4444444444444444,0.2222222222222222,0.4444444444444444,0.0,0.7777777777777778,1.0,0.4444444444444444,0.2222222222222222,0.0,4
123,0.4444444444444444,0.3333333333333333,0.5555555555555556,0.6666666666666666,0.8888888888888888,0.6666666666666666,0.7777777777777778,1.0,0.0,4
124,0.0,0.0,0.0,0.0,0.1111111111111111,0.0,0.1111111111111111,0.0,0.0,2
125,0.6666666666666666,0.4444444444444444,0.2222222222222222,0.6666666666666666,0.3333333333333333,1.0,0.6666666666666666,0.4444444444444444,0.4444444444444444,4
126,0.2222222222222222,0.0,0.0,0.0,0.1111111111111111,0.0,0.2222222222222222,0.0,0.0,2
127,0.7777777777777778,0.2222222222222222,0.4444444444444444,0.3333333333333333,0.4444444444444444,1.0,0.0,0.5555555555555556,0.1111111111111111,4
128,0.0,0.0,0.0,0.0,1.0,0.0,0.0,0.0,0.0,2
129,0.4444444444444444,0.0,0.2222222222222222,0.0,0.1111111111111111,0.0,0.1111111111111111,0.0,0.0,2
130,0.1111111111111111,0.0,0.0,0.0,0.1111111111111111,0.0,0.2222222222222222,0.0,0.0,2
131,0.4444444444444444,1.0,0.7777777777777778,1.0,0.7777777777777778,1.0,0.2222222222222222,0.5555555555555556,0.2222222222222222,4
132,0.2222222222222222,0.0,0.0,0.0,0.1111111111111111,0.0,0.1111111111111111,0.1111111111111111,0.0,2
133,0.2222222222222222,0.0,0.0,0.0,0.2222222222222222,0.0,0.1111111111111111,0.0,0.0,2
134,0.4444444444444444,0.0,0.0,0.0,0.1111111111111111,0.1111111111111111,0.2222222222222222,0.2222222222222222,0.0,2
135,0.3333333333333333,0.0,0.0,0.0,0.1111111111111111,0.0,0.1111111111111111,0.0,0.0,2
136,0.2222222222222222,0.0,0.0,0.0,0.1111111111111111,0.0,0.0,0.0,0.0,2
137,0.3333333333333333,0.0,0.1111111111111111,0.0,0.1111111111111111,0.0,0.1111111111111111,0.0,0.0,2
