138,0.2222222222222222,0.0,0.0,0.0,0.1111111111111111,0.0,0.0,0.0,0.0,2
139,0.1111111111111111,0.0,0.0,0.0,0.1111111111111111,0.0,0.0,0.0,0.0,2
140,0.8888888888888888,0.4444444444444444,0.4444444444444444,0.3333333333333333,0.3333333333333333,0.4444444444444444,0.3333333333333333,0.2222222222222222,0.2222222222222222,4
141,0.0,0.0,0.0,0.0,0.1111111111111111,0.4444444444444444,0.0,0.0,0.0,2
142,0.1111111111111111,0.0,0.0,0.0,0.1111111111111111,0.0,0.1111111111111111,0.0,0.0,2
143,0.2222222222222222,0.3333333333333333,0.4444444444444444,0.1111111111111111,0.5555555555555556,0.7777777777777778,0.3333333333333333,0.0,0.0,4
144,0.0,0.0,0.0,0.0,0.2222222222222222,0.1111111111111111,0.1111111111111111,0.0,0.0,2
145,0.2222222222222222,0.0,0.0,0.2222222222222222,0.7777777777777778,0.0,0.4444444444444444,0.7777777777777778,0.0,2
146,0.7777777777777778,0.7777777777777778,0.6666666666666666,0.3333333333333333,1.0,1.0,0.6666666666666666,0.7777777777777778,0.6666666666666666,4
147,0.0,0.0,0.0,0.0,0.0,0.0,0.2222222222222222,0.0,0.0,2
148,0.6666666666666666,0.1111111111111111,0.3333333333333333,0.0,0.5555555555555556,1.0,0.4444444444444444,0.3333333333333333,0.2222222222222222,4
149,1.0,1.0,0.7777777777777778,0.5555555555555556,0.3333333333333333,0.4444444444444444,0.7777777777777778,1.0,0.0,4
150,0.3333333333333333,0.0,0.0,0.0,0.1111111111111111,0.2222222222222222,0.0,0.0,0.0,2
151,0.0,0.0,0.0,0.0,0.1111111111111111,0.0,0.0,0.0,0.0,2
152,0.4444444444444444,0.4444444444444444,0.4444444444444444,0.5555555555555556,0.2222222222222222,1.0,0.2222222222222222,0.0,0.0,4
153,0.0,0.1111111111111111,0.1111111111111111,0.0,0.1111111111111111,0.0,0.1111111111111111,0.0,0.0,2
154,0.1111111111111111,0.0,0.0,0.0,0.1111111111111111,0.0,0.2222222222222222,0.0,0.0,2
155,0.8888888888888888,0.8888888888888888,1.0,0.2222222222222222,0.5555555555555556,1.0,0.6666666666666666,1.0,0.5555555555555556,4
156,1.0,0.6666666666666666,0.6666666666666666,0.3333333333333333,0.4444444444444444,1.0,0.4444444444444444,0.6666666666666666,0.1111111111111111,4
157,0.3333333333333333,0.0,0.0,0.0,0.1111111111111111,0.0,0.2222222222222222,0.1111111111111111,0.0,2
158,0.2222222222222222,0.0,0.0,0.0,0.1111111111111111,0.0,0.2222222222222222,0.0,0.0,2
159,0.0,0.0,0.0,0.1111111111111111,0.0,0.2222222222222222,0.0,0.0,0.6666666666666666,2
160,0.3333333333333333,0.0,0.0,0.0,0.1111111111111111,0.1111111111111111,0.2222222222222222,0.1111111111111111,0.0,2
161,0.4444444444444444,0.5555555555555556,0.6666666666666666,0.7777777777777778,0.7777777777777778,1.0,0.2222222222222222,1.0,0.2222222222222222,4
162,1.0,0.7777777777777778,1.0,1.0,0.5555555555555556,0.0,0.2222222222222222,0.0,1.0,4
163,0.2222222222222222,0.0,0.0,0.0,0.1111111111111111,0.0,0.2222222222222222,0.0,0.0,2
164,0.0,0.0,0.0,0.1111111111111111,0.0,0.0,0.0,0.0,0.0,2
165,0.2222222222222222,0.0,0.0,0.0,0.1111111111111111,0.0,0.0,0.0,0.0,2
166,0.0,0.0,0.0,0.0,0.1111111111111111,0.0,0.2222222222222222,0.0,0.0,2
167,0.0,0.0,0.0,0.0,0.1111111111111111,0.0,0.1111111111111111,0.0,0.0,2
168,0.5555555555555556,1.0,1.0,1.0,0.7777777777777778,1.0,1.0,1.0,0.6666666666666666,4
169,0.7777777777777778,0.5555555555555556,0.4444444444444444,0.3333333333333333,0.2222222222222222,1.0,0.5555555555555556,0.0,0.0,4
170,0.4444444444444444,0.7777777777777778,0.6666666666666666,0.6666666666666666,1.0,1.0,0.4444444444444444,0.6666666666666666,0.0,4
171,0.1111111111111111,0.0,0.0,0.0,0.1111111111111111,0.0,0.2222222222222222,0.0,0.0,2
172,0.4444444444444444,1.0,1.0,0.2222222222222222,0.7777777777777778,0.0,0.4444444444444444,1.0,0.2222222222222222,4
173,0.3333333333333333,0.0,0.0,0.0,0.1111111111111111,0.0,0.2222222222222222,0.0,0.0,2
174,0.4444444444444444,0.2222222222222222,0.2222222222222222,0.2222222222222222,0.5555555555555556,1.0,0.2222222222222222,0.0,0.0,4
175,0.0,0.0,0.0,0.0,0.0,0.0,0.2222222222222222,0.0,0.0,2
176,0.0,0.0,0.0,0.0,0.1111111111111111,0.0,0.0,0.0,0.0,2
177,0.5555555555555556,0.0,0.0,0.0,0.1111111111111111,0.0,0.2222222222222222,0.0,0.0,2
178,0.4444444444444444,0.7777777777777778,0.7777777777777778,0.7777777777777778,0.4444444444444444,1.0,0.6666666666666666,0.7777777777777778,0.0,4
179,0.7777777777777778,0.6666666666666666,0.5555555555555556,0.3333333333333333,0.3333333333333333,1.0,0.4444444444444444,0.0,0.0,4
180,0.1111111111111111,0.0,0.0,0.0,0.0,0.0,0.2222222222222222,0.0,0.0,2
181,0.0,0.4444444444444444,0.7777777777777778,0.5555555555555556,0.4444444444444444,0.7777777777777778,0.6666666666666666,1.0,0.0,4
182,1.0,0.4444444444444444,0.5555555555555556,1.0,0.5555555555555556,1.0,0.6666666666666666,0.6666666666666666,1.0,4
183,0.4444444444444444,0.7777777777777778,0.3333333333333333,1.0,0.4444444444444444,0.7777777777777778,0.8888888888888888,1.0,0.0,4
184,0.0,0.1111111111111111,0.2222222222222222,0.0,0.1111111111111111,0.0,0.2222222222222222,0.0,0.0,2
185,1.0,1.0,1.0,0.7777777777777778,0.5555555555555556,0.7777777777777778,0.6666666666666666,1.0,0.0,4
186,0.6666666666666666,0.4444444444444444,1.0,1.0,1.0,1.0,0.3333333333333333,1.0,0.2222222222222222,4
187,0.4444444444444444,0.0,0.0,0.0,0.1111111111111111,0.0,0.1111111111111111,0.0,0.0,2
188,0.0,0.0,0.0,0.0,0.1111111111111111,0.0,0.2222222222222222,0.0,0.0,2
189,0.2222222222222222,0.0,0.0,0.0,0.1111111111111111,0.0,0.2222222222222222,0.0,0.0,2
190,0.3333333333333333,0.0,0.0,0.0,0.1111111111111111,0.0,0.2222222222222222,0.0,0.0,2
191,0.7777777777777778,0.3333333333333333,0.3333333333333333,0.4444444444444444,0.3333333333333333,0.6666666666666666,0.6666666666666666,0.7777777777777778,0.1111111111111111,2
192,0.4444444444444444,0.0,0.0,0.3333333333333333,0.1111111111111111,0.0,0.2222222222222222,0.0,0.0,2
193,0.0,0.0,0.0,0.0,0.1111111111111111,0.0,0.0,0.0,0.0,2
194,0.2222222222222222,0.0,0.0,0.0,0.1111111111111111,0.0,0.1111111111111111,0.0,0.0,2
195,0.8888888888888888,0.6666666666666666,0.6666666666666666,0.4444444444444444,0.4444444444444444,1.0,0.6666666666666666,0.7777777777777778,0.2222222222222222,4
196,1.0,0.7777777777777778,0.7777777777777778,0.3333333333333333,1.0,1.0,0.7777777777777778,0.0,0.0,4
197,0.0,0.0,0.0,0.0,0.1111111111111111,0.0,0.2222222222222222,0.0,0.0,2
198,0.4444444444444444,0.0,0.0,0.0,0.1111111111111111,0.0,0.2222222222222222,0.0,0.0,2
199,0.0,0.0,0.0,0.0,0.1111111111111111,0.0,0.2222222222222222,0.0,0.0,2
200,0.4444444444444444,1.0,1.0,0.8888888888888888,0.5555555555555556,1.0,0.6666666666666666,1.0,0.4444444444444444,4
201,1.0,1.0,0.8888888888888888,0.2222222222222222,0.6666666666666666,0.4444444444444444,0.2222222222222222,0.4444444444444444,0.0,4
202,0.0,0.0,0.0,0.0,0.0,0.0,0.2222222222222222,0.0,0.0,2
203,0.0,0.0,0.0,0.0,0.0,0.0,0.2222222222222222,0.0,0.0,2
204,0.4444444444444444,0.0,0.0,0.0,0.0,0.0,0.2222222222222222,0.0,0.0,2
205,0.7777777777777778,1.0,1.0,1.0,0.4444444444444444,1.0,0.7777777777777778,1.0,0.5555555555555556,4
206,0.7777777777777778,1.0,0.7777777777777778,0.7777777777777778,0.3333333333333333,0.7777777777777778,0.6666666666666666,0.6666666666666666,0.0,4
207,0.0,0.0,0.0,0.0,0.1111111111111111,0.0,0.2222222222222222,0.0,0.0,2
208,1.0,1.0,1.0,1.0,0.6666666666666666,1.0,0.6666666666666666,1.0,0.3333333333333333,4
209,1.0,1.0,1.0,1.0,0.2222222222222222,1.0,1.0,0.5555555555555556,0.0,4
210,0.7777777777777778,0.6666666666666666,0.7777777777777778,0.6666666666666666,0.4444444444444444,0.4444444444444444,0.4444444444444444,1.0,0.1111111111111111,4
211,0.0,0.0,0.0,0.0,0.1111111111111111,0.0,0.1111111111111111,0.0,0.0,2
212,0.0,0.0,0.0,0.0,0.1111111111111111,0.0,0.2222222222222222,0.0,0.0,2
213,0.5555555555555556,1.0,0.6666666666666666,0.6666666666666666,0.5555555555555556,0.3333333333333333,0.7777777777777778,1.0,0.1111111111111111,4
214,0.5555555555555556,0.0,0.2222222222222222,0.0,0.1111111111111111,0.0,0.2222222222222222,0.0,0.0,2
215,0.0,0.0,0.0,0.1111111111111111,0.1111111111111111,0.0,0.2222222222222222,0.0,0.0,2
216,1.0,0.5555555555555556,0.3333333333333333,0.2222222222222222,1.0,1.0,0.8888888888888888,1.0,0.0,4
217,0.3333333333333333,0.0,0.0,0.2222222222222222,0.0,0.4444444444444444,0.1111111111111111,0.0,0.0,4
218,0.6666666666666666,0.4444444444444444,0.5555555555555556,0.2222222222222222,0.2222222222222222,0.7777777777777778,0.6666666666666666,0.3333333333333333,0.0,4
219,1.0,0.4444444444444444,0.4444444444444444,0.5555555555555556,0.2222222222222222,1.0,0.6666666666666666,0.8888888888888888,0.1111111111111111,4
220,0.0,0.0,0.0,0.0,0.1111111111111111,0.0,0.1111111111111111,0.0,0.0,2
221,1.0,0.4444444444444444,0.6666666666666666,0.3333333333333333,0.3333333333333333,1.0,0.7777777777777778,0.8888888888888888,0.0,4
222,0.7777777777777778,0.8888888888888888,0.8888888888888888,0.4444444444444444,0.2222222222222222,0.4444444444444444,0.6666666666666666,0.6666666666666666,0.0,4
223,0.0,0.0,0.0,0.0,0.0,0.0,0.2222222222222222,0.0,0.0,2
224,1.0,1.0,1.0,0.2222222222222222,1.0,1.0,0.8888888888888888,1.0,0.0,4
225,0.6666666666666666,0.3333333333333333,0.6666666666666666,0.3333333333333333,0.2222222222222222,0.6666666666666666,0.6666666666666666,0.5555555555555556,0.0,4
226,0.5555555555555556,0.7777777777777778,0.6666666666666666,0.4444444444444444,0.5555555555555556,0.7777777777777778,0.7777777777777778,0.8888888888888888,0.1111111111111111,4
227,0.7777777777777778,0.3333333333333333,0.5555555555555556,0.2222222222222222,0.2222222222222222,0.0,0.3333333333333333,0.2222222222222222,0.0,2
228,1.0,0.3333333333333333,0.4444444444444444,0.4444444444444444,0.4444444444444444,1.0,0.3333333333333333,0.0,0.0,4
229,0.2222222222222222,0.2222222222222222,0.1111111111111111,0.0,0.2222222222222222,0.0,0.2222222222222222,0.5555555555555556,0.0,2
230,1.0,0.7777777777777778,0.7777777777777778,0.1111111111111111,0.7777777777777778,1.0,0.3333333333333333,0.7777777777777778,1.0,4
231,0.8888888888888888,0.7777777777777778,0.7777777777777778,0.4444444444444444,0.5555555555555556,0.1111111111111111,0.3333333333333333,1.0,0.3333333333333333,4
232,0.7777777777777778,1.0,1.0,0.7777777777777778,0.5555555555555556,0.8888888888888888,0.2222222222222222,1.0,1.0,4
233,1.0,0.3333333333333333,0.2222222222222222,0.1111111111111111,0.2222222222222222,1.0,0.4444444444444444,0.2222222222222222,0.1111111111111111,4
234,0.4444444444444444,0.0,0.2222222222222222,0.2222222222222222,0.1111111111111111,0.1111111111111111,0.1111111111111111,0.2222222222222222,0.0,2
235,0.2222222222222222,0.0,0.0,0.2222222222222222,0.0,0.0,0.2222222222222222,0.0,0.0,2
236,0.1111111111111111,0.0,0.0,0.0,0.1111111111111111,0.0,0.2222222222222222,0.0,0.0,2
237,0.0,0.0,0.0,0.0,0.1111111111111111,0.4444444444444444,0.4444444444444444,0.0,0.0,2
238,0.0,0.0,0.0,0.0,0.1111111111111111,0.0,0.2222222222222222,0.0,0.0,2
239,0.4444444444444444,0.0,0.0,0.1111111111111111,0.1111111111111111,0.1111111111111111,0.2222222222222222,0.0,0.0,2
240,0.7777777777777778,1.0,1.0,0.7777777777777778,0.4444444444444444,1.0,0.6666666666666666,0.7777777777777778,0.0,4
241,0.7777777777777778,0.3333333333333333,0.3333333333333333,0.0,0.1111111111111111,0.8888888888888888,0.2222222222222222,0.2222222222222222,0.0,4
242,0.3333333333333333,0.0,0.0,0.0,0.1111111111111111,0.0,0.2222222222222222,0.5555555555555556,0.0,2
243,0.0,0.1111111111111111,0.1111111111111111,0.0,0.1111111111111111,0.0,0.0,0.0,0.0,2
244,1.0,0.3333333333333333,0.3333333333333333,1.0,0.1111111111111111,1.0,0.4444444444444444,0.2222222222222222,0.2222222222222222,4
245,0.5555555555555556,0.2222222222222222,0.2222222222222222,0.4444444444444444,0.2222222222222222,1.0,0.2222222222222222,0.4444444444444444,0.2222222222222222,2
246,0.5555555555555556,1.0,1.0,0.1111111111111111,0.7777777777777778,1.0,0.6666666666666666,0.2222222222222222,0.2222222222222222,4
247,0.8888888888888888,1.0,1.0,0.0,1.0,0.7777777777777778,0.2222222222222222,0.2222222222222222,0.0,4
248,0.4444444444444444,0.5555555555555556,0.5555555555555556,0.1111111111111111,0.3333333333333333,1.0,0.2222222222222222,0.5555555555555556,0.0,4
249,0.2222222222222222,0.0,0.0,0.0,0.1111111111111111,0.0,0.0,0.0,0.0,2
250,0.2222222222222222,0.0,0.0,0.0,0.1111111111111111,0.0,0.1111111111111111,0.0,0.0,2
251,0.2222222222222222,0.0,0.0,0.0,0.1111111111111111,0.0,0.2222222222222222,0.0,0.0,2
252,0.4444444444444444,0.6666666666666666,0.6666666666666666,0.0,0.4444444444444444,0.7777777777777778,0.2222222222222222,0.3333333333333333,0.0,2
253,1.0,0.4444444444444444,0.7777777777777778,1.0,0.2222222222222222,1.0,0.4444444444444444,0.0,0.2222222222222222,4
254,0.4444444444444444,1.0,1.0,0.5555555555555556,1.0,1.0,1.0,0.5555555555555556,0.4444444444444444,4
255,0.7777777777777778,0.7777777777777778,0.8888888888888888,0.3333333333333333,0.4444444444444444,1.0,0.6666666666666666,0.7777777777777778,0.0,4
256,1.0,0.3333333333333333,0.3333333333333333,1.0,0.5555555555555556,1.0,0.4444444444444444,0.4444444444444444,0.0,4
257,0.6666666666666666,0.8888888888888888,0.3333333333333333,1.0,1.0,0.2222222222222222,0.4444444444444444,0.2222222222222222,0.2222222222222222,4
258,0.4444444444444444,0.0,0.3333333333333333,0.0,0.1111111111111111,0.0,0.2222222222222222,0.1111111111111111,0.0,2
259,1.0,1.0,0.5555555555555556,0.2222222222222222,0.2222222222222222,1.0,0.3333333333333333,0.2222222222222222,0.1111111111111111,4
260,0.2222222222222222,0.2222222222222222,0.4444444444444444,0.1111111111111111,0.2222222222222222,1.0,0.6666666666666666,0.0,0.0,4
261,1.0,0.7777777777777778,0.7777777777777778,0.1111111111111111,0.2222222222222222,0.3333333333333333,0.7777777777777778,0.6666666666666666,0.7777777777777778,4
262,0.0,0.0,0.0,0.0,0.1111111111111111,0.0,0.2222222222222222,0.0,0.0,2
263,0.7777777777777778,0.3333333333333333,0.6666666666666666,0.0,0.2222222222222222,1.0,0.2222222222222222,0.8888888888888888,0.1111111111111111,4
264,0.4444444444444444,0.0,0.0,0.0,0.1111111111111111,0.0,0.2222222222222222,0.0,0.0,2
265,0.2222222222222222,0.2222222222222222,0.4444444444444444,0.1111111111111111,0.2222222222222222,1.0,0.6666666666666666,0.0,0.0,4
266,0.6666666666666666,0.1111111111111111,0.3333333333333333,0.0,0.2222222222222222,0.3333333333333333,0.2222222222222222,0.2222222222222222,0.0,4
267,0.2222222222222222,0.0,0.0,0.0,0.1111111111111111,0.0,0.2222222222222222,0.1111111111111111,0.0,2
268,0.2222222222222222,0.0,0.0,0.0,0.1111111111111111,0.0,0.1111111111111111,0.0,0.0,2
269,0.0,0.0,0.0,0.0,0.1111111111111111,0.0,0.1111111111111111,0.0,0.0,2
270,0.0,0.0,0.0,0.0,0.1111111111111111,0.0,0.2222222222222222,0.0,0.0,2
271,1.0,0.4444444444444444,0.6666666666666666,0.2222222222222222,0.2222222222222222,0.6666666666666666,0.2222222222222222,0.2222222222222222,0.7777777777777778,4
272,0.2222222222222222,0.0,0.0,0.0,0.1111111111111111,0.0,0.2222222222222222,0.0,0.0,2
273,0.1111111111111111,0.0,0.0,0.1111111111111111,0.1111111111111111,0.0,0.2222222222222222,0.0,0.0,2
274,0.0,0.3333333333333333,0.2222222222222222,1.0,0.3333333333333333,1.0,0.4444444444444444,0.5555555555555556,0.0,4
