275,1.0,0.3333333333333333,0.5555555555555556,0.0,0.1111111111111111,1.0,0.4444444444444444,0.2222222222222222,0.0,4
276,0.6666666666666666,0.3333333333333333,0.4444444444444444,1.0,0.1111111111111111,1.0,0.2222222222222222,0.7777777777777778,0.1111111111111111,4
277,0.7777777777777778,1.0,1.0,1.0,0.7777777777777778,1.0,1.0,0.6666666666666666,0.2222222222222222,4
278,1.0,1.0,1.0,1.0,1.0,1.0,0.3333333333333333,1.0,1.0,4
279,0.2222222222222222,0.0,0.0,0.0,0.2222222222222222,0.0,0.1111111111111111,0.0,0.0,2
280,0.5555555555555556,0.0,0.2222222222222222,0.0,0.3333333333333333,0.4444444444444444,0.4444444444444444,1.0,0.0,4
281,0.4444444444444444,0.5555555555555556,0.5555555555555556,0.7777777777777778,0.5555555555555556,1.0,0.3333333333333333,1.0,0.3333333333333333,4
282,0.0,0.0,0.0,0.0,0.1111111111111111,0.0,0.0,0.0,0.0,2
283,0.0,0.0,0.0,0.0,0.1111111111111111,0.0,0.2222222222222222,0.0,0.0,2
284,1.0,0.3333333333333333,0.3333333333333333,0.5555555555555556,0.1111111111111111,1.0,0.1111111111111111,0.2222222222222222,0.0,4
285,0.4444444444444444,0.4444444444444444,0.6666666666666666,0.7777777777777778,0.5555555555555556,1.0,0.6666666666666666,0.3333333333333333,0.0,4
286,0.4444444444444444,0.2222222222222222,0.3333333333333333,0.2222222222222222,0.3333333333333333,0.4444444444444444,0.3333333333333333,0.6666666666666666,0.0,2
287,0.7777777777777778,0.1111111111111111,0.0,0.0,0.4444444444444444,0.0,0.0,0.0,0.0,2
288,0.8888888888888888,0.0,0.1111111111111111,0.5555555555555556,0.3333333333333333,1.0,0.6666666666666666,0.6666666666666666,0.1111111111111111,4
289,0.7777777777777778,0.3333333333333333,1.0,0.4444444444444444,0.3333333333333333,0.3333333333333333,0.6666666666666666,1.0,0.0,4
290,0.0,0.0,0.0,0.0,0.1111111111111111,0.0,0.2222222222222222,0.0,0.0,2
291,1.0,1.0,1.0,0.6666666666666666,0.8888888888888888,1.0,0.6666666666666666,1.0,1.0,4
292,0.0,0.0,0.0,0.0,0.1111111111111111,0.0,0.2222222222222222,0.0,0.0,2
293,0.7777777777777778,0.2222222222222222,0.3333333333333333,0.8888888888888888,0.2222222222222222,1.0,0.2222222222222222,0.2222222222222222,0.0,4
294,1.0,0.7777777777777778,0.3333333333333333,0.3333333333333333,0.3333333333333333,1.0,0.2222222222222222,1.0,0.3333333333333333,4
295,0.0,0.0,0.0,0.0,0.1111111111111111,0.0,0.2222222222222222,0.0,0.0,2
296,0.0,0.0,0.0,0.0,0.1111111111111111,0.0,0.2222222222222222,0.0,0.0,2
297,0.6666666666666666,0.7777777777777778,0.6666666666666666,0.5555555555555556,0.3333333333333333,0.2222222222222222,0.7777777777777778,0.7777777777777778,0.3333333333333333,4
298,0.2222222222222222,0.0,0.0,0.0,0.1111111111111111,0.4444444444444444,0.4444444444444444,0.0,0.0,2
299,0.1111111111111111,0.0,0.0,0.0,0.2222222222222222,0.0,0.1111111111111111,0.0,0.0,2
300,0.0,0.0,0.0,0.0,0.1111111111111111,0.0,0.0,0.0,0.0,2
301,0.7777777777777778,0.5555555555555556,0.3333333333333333,1.0,1.0,0.0,0.2222222222222222,0.4444444444444444,0.0,4
302,0.0,0.0,0.0,0.0,0.1111111111111111,0.0,0.0,0.0,0.0,2
303,0.0,0.0,0.0,0.0,0.0,0.0,0.1111111111111111,0.0,0.0,2
304,0.4444444444444444,0.4444444444444444,0.4444444444444444,0.1111111111111111,0.4444444444444444,1.0,0.3333333333333333,0.2222222222222222,0.0,4
305,0.5555555555555556,0.7777777777777778,0.6666666666666666,0.7777777777777778,0.5555555555555556,0.7777777777777778,0.7777777777777778,0.8888888888888888,0.0,4
306,0.0,0.0,0.0,0.0,0.4444444444444444,0.0,0.2222222222222222,0.0,0.0,2
307,0.3333333333333333,0.3333333333333333,0.3333333333333333,0.3333333333333333,0.5555555555555556,0.4444444444444444,0.6666666666666666,0.2222222222222222,0.0,2
308,0.6666666666666666,0.5555555555555556,0.2222222222222222,0.1111111111111111,0.4444444444444444,1.0,0.6666666666666666,0.3333333333333333,0.5555555555555556,4
309,0.2222222222222222,0.0,0.0,0.0,0.1111111111111111,0.0,0.2222222222222222,0.0,0.0,2
310,0.4444444444444444,0.3333333333333333,0.5555555555555556,1.0,0.1111111111111111,1.0,0.3333333333333333,0.0,0.0,4
311,0.0,0.0,0.0,0.0,0.1111111111111111,0.0,0.2222222222222222,0.0,0.0,2
312,0.2222222222222222,0.1111111111111111,0.1111111111111111,0.0,0.1111111111111111,0.0,0.1111111111111111,0.2222222222222222,0.0,2
313,1.0,0.0,0.0,0.0,0.1111111111111111,1.0,0.4444444444444444,0.3333333333333333,0.0,4
314,0.0,0.0,0.0,0.0,0.1111111111111111,0.0,0.1111111111111111,0.0,0.0,2
315,0.7777777777777778,1.0,0.2222222222222222,0.1111111111111111,0.5555555555555556,0.3333333333333333,0.2222222222222222,1.0,0.0,4
316,1.0,0.3333333333333333,0.5555555555555556,0.3333333333333333,0.4444444444444444,1.0,0.6666666666666666,0.0,0.0,4
317,1.0,0.3333333333333333,0.6666666666666666,0.1111111111111111,0.1111111111111111,0.7777777777777778,0.5555555555555556,0.0,0.0,4
318,0.4444444444444444,0.0,0.0,0.0,0.1111111111111111,0.0,0.2222222222222222,0.0,0.1111111111111111,2
319,0.4444444444444444,0.1111111111111111,0.1111111111111111,0.1111111111111111,0.1111111111111111,0.0,0.1111111111111111,0.1111111111111111,0.0,2
320,0.4444444444444444,0.3333333333333333,0.5555555555555556,0.5555555555555556,0.3333333333333333,1.0,0.3333333333333333,0.2222222222222222,0.0,4
321,0.7777777777777778,0.5555555555555556,0.6666666666666666,0.2222222222222222,0.2222222222222222,1.0,0.2222222222222222,0.3333333333333333,0.1111111111111111,4
322,0.0,0.0,0.0,0.0,0.1111111111111111,0.0,0.0,0.0,0.0,2
323,0.5555555555555556,0.4444444444444444,0.4444444444444444,0.7777777777777778,0.3333333333333333,1.0,0.2222222222222222,0.3333333333333333,0.0,4
324,0.0,0.0,0.0,0.0,0.1111111111111111,0.0,0.2222222222222222,0.0,0.0,2
325,0.0,0.0,0.0,0.0,0.0,0.0,0.1111111111111111,0.0,0.0,2
326,0.7777777777777778,0.4444444444444444,0.4444444444444444,0.4444444444444444,0.1111111111111111,1.0,0.3333333333333333,0.2222222222222222,0.0,4
327,1.0,0.2222222222222222,0.2222222222222222,0.0,0.1111111111111111,1.0,0.6666666666666666,0.5555555555555556,0.0,4
328,0.0,0.0,0.0,0.0,0.1111111111111111,0.0,0.2222222222222222,0.0,0.0,2
329,0.1111111111111111,0.0,0.0,0.0,0.1111111111111111,0.0,0.0,0.0,0.0,2
330,0.0,0.0,0.0,0.0,0.1111111111111111,0.0,0.0,0.0,0.0,2
331,0.6666666666666666,0.5555555555555556,0.3333333333333333,0.7777777777777778,1.0,1.0,0.8888888888888888,0.4444444444444444,0.2222222222222222,4
332,0.0,0.0,0.0,0.0,0.1111111111111111,0.0,0.0,0.0,0.0,2
333,0.4444444444444444,0.1111111111111111,0.1111111111111111,0.1111111111111111,0.2222222222222222,0.0,0.0,0.2222222222222222,0.0,2
334,0.0,0.0,0.0,0.0,0.0,0.0,0.0,0.2222222222222222,0.0,2
335,0.2222222222222222,0.3333333333333333,0.3333333333333333,1.0,0.4444444444444444,0.0,0.2222222222222222,0.2222222222222222,0.0,4
336,0.3333333333333333,0.1111111111111111,0.2222222222222222,0.4444444444444444,0.2222222222222222,0.7777777777777778,0.6666666666666666,0.5555555555555556,0.0,4
337,0.4444444444444444,0.0,0.0,0.2222222222222222,0.1111111111111111,0.0,0.0,0.0,0.0,2
338,0.1111111111111111,0.0,0.0,0.0,0.1111111111111111,0.0,0.2222222222222222,0.0,0.0,2
339,0.2222222222222222,0.3333333333333333,0.4444444444444444,0.2222222222222222,0.6666666666666666,0.2222222222222222,0.3333333333333333,0.5555555555555556,0.0,2
340,0.1111111111111111,0.6666666666666666,1.0,1.0,0.6666666666666666,1.0,0.3333333333333333,0.8888888888888888,0.3333333333333333,4
341,0.0,0.0,0.0,0.0,0.1111111111111111,0.0,0.1111111111111111,0.0,0.0,2
342,0.3333333333333333,0.0,0.0,0.0,0.2222222222222222,0.0,0.1111111111111111,0.1111111111111111,0.0,2
343,0.4444444444444444,0.2222222222222222,0.2222222222222222,0.0,0.2222222222222222,0.2222222222222222,0.2222222222222222,0.2222222222222222,0.2222222222222222,4
344,0.7777777777777778,1.0,1.0,0.6666666666666666,1.0,1.0,0.6666666666666666,0.2222222222222222,0.7777777777777778,4
345,0.7777777777777778,1.0,0.4444444444444444,0.2222222222222222,0.7777777777777778,0.3333333333333333,0.3333333333333333,1.0,0.2222222222222222,4
346,1.0,0.2222222222222222,0.4444444444444444,0.3333333333333333,0.2222222222222222,0.6666666666666666,0.2222222222222222,0.4444444444444444,0.2222222222222222,4
347,0.5555555555555556,1.0,1.0,1.0,1.0,1.0,0.7777777777777778,1.0,1.0,4
348,0.2222222222222222,1.0,0.2222222222222222,1.0,0.5555555555555556,1.0,0.4444444444444444,0.0,0.3333333333333333,4
349,0.2222222222222222,0.1111111111111111,0.1111111111111111,0.0,0.3333333333333333,0.2222222222222222,0.1111111111111111,0.0,0.0,2
350,0.3333333333333333,0.3333333333333333,0.3333333333333333,0.1111111111111111,0.1111111111111111,0.2222222222222222,0.1111111111111111,0.0,0.0,2
351,0.1111111111111111,0.0,0.0,0.0,0.1111111111111111,0.0,0.2222222222222222,0.0,0.0,2
352,0.1111111111111111,0.0,0.0,0.0,0.1111111111111111,0.0,0.1111111111111111,0.0,0.0,2
353,0.5555555555555556,1.0,1.0,1.0,0.7777777777777778,1.0,0.6666666666666666,1.0,0.6666666666666666,4
354,0.4444444444444444,0.7777777777777778,0.7777777777777778,1.0,0.4444444444444444,1.0,0.7777777777777778,1.0,0.2222222222222222,4
355,0.0,0.0,0.2222222222222222,0.0,0.1111111111111111,0.0,0.0,0.0,0.0,2
356,0.0,0.0,0.2222222222222222,0.0,0.0,0.0,0.1111111111111111,0.0,0.0,2
357,0.3333333333333333,0.2222222222222222,0.1111111111111111,0.0,0.2222222222222222,0.0,0.1111111111111111,0.0,0.0,2
358,0.0,0.0,0.2222222222222222,0.0,0.1111111111111111,0.0,0.0,0.0,0.0,2
359,0.3333333333333333,0.0,0.1111111111111111,0.0,0.1111111111111111,0.0,0.1111111111111111,0.0,0.0,2
360,0.4444444444444444,0.0,0.0,0.1111111111111111,0.1111111111111111,0.0,0.1111111111111111,0.0,0.0,2
361,0.2222222222222222,0.0,0.1111111111111111,0.0,0.1111111111111111,0.0,0.1111111111111111,0.0,0.0,2
362,0.0,0.0,0.0,0.0,0.1111111111111111,0.0,0.0,0.0,0.0,2
363,0.0,0.0,0.0,0.0,0.1111111111111111,0.0,0.1111111111111111,0.0,0.0,2
364,0.0,0.0,0.0,0.0,0.0,0.0,0.1111111111111111,0.0,0.0,2
365,0.2222222222222222,0.0,0.0,0.3333333333333333,0.2222222222222222,0.0,0.1111111111111111,0.1111111111111111,0.0,2
366,0.4444444444444444,0.2222222222222222,0.3333333333333333,0.0,0.3333333333333333,0.0,0.2222222222222222,0.0,0.0,2
367,0.0,0.0,0.0,0.0,0.1111111111111111,0.0,0.0,0.0,0.0,2
368,1.0,0.5555555555555556,0.2222222222222222,0.5555555555555556,0.3333333333333333,1.0,0.6666666666666666,0.7777777777777778,0.3333333333333333,4
369,0.2222222222222222,0.1111111111111111,0.1111111111111111,0.1111111111111111,0.1111111111111111,0.0,0.2222222222222222,0.1111111111111111,0.0,2
370,0.1111111111111111,0.0,0.0,0.0,0.1111111111111111,0.0,0.0,0.0,0.0,2
371,0.1111111111111111,0.0,0.0,0.0,0.1111111111111111,0.0,0.0,0.0,0.0,2
372,0.2222222222222222,0.2222222222222222,0.1111111111111111,0.1111111111111111,0.2222222222222222,0.0,0.0,0.1111111111111111,0.2222222222222222,2
373,0.6666666666666666,0.5555555555555556,0.5555555555555556,0.2222222222222222,0.1111111111111111,1.0,0.6666666666666666,0.0,0.0,4
374,0.4444444444444444,0.2222222222222222,0.2222222222222222,0.1111111111111111,0.2222222222222222,0.0,0.2222222222222222,0.0,0.0,2
375,0.1111111111111111,0.0,0.0,0.0,0.1111111111111111,0.0,0.1111111111111111,0.1111111111111111,0.0,2
376,0.4444444444444444,0.0,0.0,0.0,0.2222222222222222,0.1111111111111111,0.1111111111111111,0.1111111111111111,0.0,2
377,0.0,0.0,0.0,0.1111111111111111,0.1111111111111111,0.0,0.1111111111111111,0.0,0.0,2
378,1.0,0.7777777777777778,0.6666666666666666,0.3333333333333333,0.2222222222222222,1.0,0.6666666666666666,0.8888888888888888,0.0,4
379,0.2222222222222222,0.0,0.0,0.0,0.1111111111111111,0.0,0.1111111111111111,0.0,0.0,2
380,0.0,0.0,0.0,0.0,0.0,0.0,0.0,0.0,0.0,2
381,0.0,0.1111111111111111,0.2222222222222222,0.0,0.1111111111111111,0.0,0.1111111111111111,0.0,0.0,2
382,0.2222222222222222,0.0,0.0,0.0,0.1111111111111111,0.0,0.1111111111111111,0.0,0.0,2
383,0.2222222222222222,0.0,0.0,0.0,0.1111111111111111,0.0,0.2222222222222222,0.0,0.0,2
384,0.3333333333333333,0.0,0.0,0.0,0.1111111111111111,0.0,0.0,0.0,0.0,2
385,0.2222222222222222,0.1111111111111111,0.0,0.0,0.1111111111111111,0.0,0.1111111111111111,0.1111111111111111,0.0,2
386,0.0,0.1111111111111111,0.2222222222222222,0.0,0.1111111111111111,0.0,0.0,0.0,0.0,2
387,0.2222222222222222,1.0,0.7777777777777778,0.6666666666666666,0.5555555555555556,0.8888888888888888,0.8888888888888888,0.2222222222222222,0.7777777777777778,4
388,0.2222222222222222,0.0,0.0,0.0,0.1111111111111111,0.0,0.0,0.0,0.0,2
389,0.4444444444444444,0.2222222222222222,0.2222222222222222,0.0,0.1111111111111111,0.0,0.1111111111111111,0.0,0.0,2
390,0.2222222222222222,0.0,0.0,0.0,0.1111111111111111,0.3333333333333333,0.0,0.0,0.0,2
391,0.0,0.1111111111111111,0.0,0.2222222222222222,0.1111111111111111,0.0,0.0,0.1111111111111111,0.0,2
392,0.0,0.0,0.0,0.0,0.1111111111111111,0.0,0.1111111111111111,0.0,0.0,2
393,0.3333333333333333,0.1111111111111111,0.1111111111111111,0.0,0.1111111111111111,0.0,0.1111111111111111,0.0,0.0,2
394,0.0,0.0,0.0,0.0,0.1111111111111111,0.0,0.1111111111111111,0.0,0.0,2
395,0.1111111111111111,0.2222222222222222,0.1111111111111111,0.1111111111111111,0.1111111111111111,0.1111111111111111,0.2222222222222222,0.0,0.0,2
396,0.2222222222222222,0.0,0.1111111111111111,0.0,0.1111111111111111,0.0,0.1111111111111111,0.0,0.0,2
397,0.0,0.0,0.0,0.0,0.1111111111111111,0.0,0.1111111111111111,0.0,0.0,2
398,1.0,1.0,1.0,0.5555555555555556,0.7777777777777778,0.3333333333333333,0.7777777777777778,0.4444444444444444,0.0,4
399,0.4444444444444444,0.0,0.1111111111111111,0.0,0.1111111111111111,0.0,0.2222222222222222,0.0,0.0,2
400,0.7777777777777778,0.4444444444444444,0.5555555555555556,0.1111111111111111,0.2222222222222222,1.0,0.5555555555555556,0.5555555555555556,0.0,4
401,0.2222222222222222,0.2222222222222222,0.1111111111111111,0.5555555555555556,0.2222222222222222,0.2222222222222222,0.2222222222222222,0.4444444444444444,0.0,2
402,0.7777777777777778,0.6666666666666666,0.7777777777777778,0.4444444444444444,1.0,1.0,0.6666666666666666,0.1111111111111111,0.0,4
403,0.0,0.0,0.0,0.0,0.1111111111111111,0.0,0.1111111111111111,0.0,0.0,2
404,0.4444444444444444,0.1111111111111111,0.1111111111111111,0.1111111111111111,0.1111111111111111,0.1111111111111111,0.2222222222222222,0.1111111111111111,0.1111111111111111,2
405,0.1111111111111111,0.2222222222222222,0.0,0.0,0.4444444444444444,0.0,0.0,0.0,0.0,2
406,0.2222222222222222,0.1111111111111111,0.1111111111111111,0.2222222222222222,0.1111111111111111,0.2222222222222222,0.2222222222222222,0.0,0.0,2
407,1.0,1.0,1.0,0.6666666666666666,1.0,1.0,0.7777777777777778,0.1111111111111111,0.0,4
408,0.3333333333333333,0.2222222222222222,0.2222222222222222,0.0,0.1111111111111111,0.0,0.2222222222222222,0.2222222222222222,0.0,2
409,0.4444444444444444,0.0,0.2222222222222222,0.0,0.1111111111111111,0.0,0.1111111111111111,0.0,0.0,2
410,0.2222222222222222,0.0,0.0,0.0,0.1111111111111111,0.0,0.0,0.0,0.0,2
411,0.8888888888888888,1.0,1.0,1.0,1.0,1.0,1.0,1.0,0.0,4
