412,0.4444444444444444,0.2222222222222222,0.5555555555555556,0.0,0.1111111111111111,0.0,0.0,0.0,0.0,2
413,0.7777777777777778,0.6666666666666666,0.7777777777777778,0.1111111111111111,0.3333333333333333,0.1111111111111111,0.4444444444444444,1.0,0.0,4
414,0.0,0.0,0.0,0.0,0.1111111111111111,0.0,0.1111111111111111,0.0,0.0,2
415,0.1111111111111111,0.0,0.0,0.0,0.1111111111111111,0.0,0.1111111111111111,0.0,0.0,2
416,0.0,0.2222222222222222,0.0,0.0,0.1111111111111111,0.0,0.1111111111111111,0.1111111111111111,0.0,2
417,0.4444444444444444,0.0,0.0,0.2222222222222222,0.3333333333333333,0.0,0.2222222222222222,0.1111111111111111,0.0,2
418,0.4444444444444444,0.0,0.0,0.0,0.1111111111111111,0.0,0.1111111111111111,0.1111111111111111,0.0,2
419,0.2222222222222222,0.1111111111111111,0.1111111111111111,0.2222222222222222,0.1111111111111111,0.0,0.0,0.0,0.0,2
420,0.5555555555555556,0.8888888888888888,0.6666666666666666,0.4444444444444444,0.4444444444444444,0.7777777777777778,0.3333333333333333,0.1111111111111111,0.0,2
421,1.0,0.7777777777777778,1.0,0.0,0.2222222222222222,1.0,0.4444444444444444,0.0,0.0,4
422,1.0,1.0,1.0,0.0,0.5555555555555556,0.0,0.1111111111111111,0.7777777777777778,0.0,4
423,0.3333333333333333,0.0,0.0,0.0,0.1111111111111111,0.0,0.0,0.0,0.0,2
424,0.3333333333333333,0.0,0.2222222222222222,0.2222222222222222,0.1111111111111111,0.0,0.0,0.0,0.0,2
425,0.4444444444444444,0.0,0.0,0.0,0.1111111111111111,0.0,0.0,0.0,0.0,2
426,1.0,0.3333333333333333,0.2222222222222222,1.0,0.3333333333333333,1.0,1.0,0.0,0.0,4
427,0.4444444444444444,0.1111111111111111,0.1111111111111111,0.3333333333333333,0.1111111111111111,0.3333333333333333,0.0,0.0,0.0,2
428,0.0,0.0,0.0,0.2222222222222222,0.1111111111111111,0.2222222222222222,0.0,0.0,0.0,2
429,0.0,0.0,0.0,0.0,0.1111111111111111,0.1111111111111111,0.0,0.0,0.0,2
430,0.4444444444444444,0.0,0.0,0.5555555555555556,0.2222222222222222,0.0,0.1111111111111111,0.0,0.0,2
431,0.1111111111111111,0.0,0.0,0.0,0.1111111111111111,0.0,0.0,0.0,0.0,2
432,0.0,0.0,0.0,0.0,0.1111111111111111,0.0,0.0,0.0,0.0,2
433,0.4444444444444444,0.0,0.0,0.0,0.1111111111111111,0.0,0.0,0.0,0.0,2
434,0.0,0.0,0.0,0.0,0.0,0.0,0.0,0.0,0.0,2
435,0.4444444444444444,0.6666666666666666,0.8888888888888888,0.7777777777777778,0.5555555555555556,1.0,0.7777777777777778,1.0,0.0,4
436,0.3333333333333333,0.0,0.0,0.2222222222222222,0.0,0.0,0.1111111111111111,0.0,0.0,2
437,0.4444444444444444,0.0,0.0,0.0,0.1111111111111111,0.0,0.0,0.0,0.0,2
438,0.2222222222222222,0.0,0.0,0.2222222222222222,0.1111111111111111,0.0,0.0,0.0,0.0,2
439,0.3333333333333333,0.4444444444444444,0.4444444444444444,0.7777777777777778,0.5555555555555556,1.0,1.0,0.6666666666666666,0.0,4
440,0.1111111111111111,0.2222222222222222,0.0,0.0,0.2222222222222222,0.0,0.0,0.0,0.0,2
441,1.0,0.1111111111111111,0.1111111111111111,0.0,0.1111111111111111,0.5555555555555556,0.0,0.0,0.1111111111111111,4
442,1.0,0.5555555555555556,0.4444444444444444,0.7777777777777778,0.4444444444444444,1.0,0.7777777777777778,0.5555555555555556,0.0,4
443,0.7777777777777778,0.7777777777777778,0.8888888888888888,0.5555555555555556,0.5555555555555556,0.2222222222222222,1.0,1.0,0.0,4
444,0.4444444444444444,0.0,0.1111111111111111,0.0,0.1111111111111111,0.0,0.0,0.0,0.0,2
445,0.4444444444444444,0.0,0.2222222222222222,0.0,0.1111111111111111,0.0,0.0,0.0,0.0,2
446,0.4444444444444444,0.0,0.0,0.2222222222222222,0.1111111111111111,0.0,0.0,0.0,0.0,2
447,0.2222222222222222,0.0,0.0,0.0,0.1111111111111111,0.4444444444444444,0.0,0.0,0.0,2
448,0.5555555555555556,0.0,0.0,0.2222222222222222,0.1111111111111111,0.0,0.0,0.0,0.0,2
449,0.3333333333333333,0.0,0.0,0.0,0.1111111111111111,0.0,0.0,0.1111111111111111,0.0,2
450,0.3333333333333333,0.0,0.0,0.0,0.1111111111111111,0.0,0.0,0.0,0.0,2
451,1.0,0.8888888888888888,0.7777777777777778,0.6666666666666666,0.5555555555555556,0.3333333333333333,0.6666666666666666,1.0,0.2222222222222222,4
452,1.0,0.5555555555555556,0.5555555555555556,0.1111111111111111,0.3333333333333333,1.0,0.8888888888888888,0.6666666666666666,0.0,4
453,0.5555555555555556,0.5555555555555556,0.5555555555555556,0.4444444444444444,0.3333333333333333,1.0,0.6666666666666666,0.5555555555555556,0.1111111111111111,4
454,0.3333333333333333,0.0,0.0,0.0,0.1111111111111111,0.0,0.0,0.0,0.0,2
455,0.0,0.0,0.1111111111111111,0.0,0.1111111111111111,0.0,0.1111111111111111,0.0,0.0,2
456,0.2222222222222222,0.0,0.0,0.0,0.0,0.0,0.1111111111111111,0.0,0.0,2
457,0.5555555555555556,0.0,0.0,0.2222222222222222,0.1111111111111111,0.0,0.0,0.0,0.0,2
458,0.5555555555555556,0.0,0.0,0.0,0.0,0.0,0.0,0.0,0.0,2
459,0.3333333333333333,0.0,0.0,0.0,0.1111111111111111,0.0,0.0,0.0,0.0,2
460,0.4444444444444444,0.0,0.0,0.0,0.1111111111111111,0.0,0.0,0.0,0.0,2
461,0.2222222222222222,0.0,0.0,0.0,0.1111111111111111,0.0,0.0,0.0,0.0,2
462,0.3333333333333333,0.0,0.1111111111111111,0.0,0.1111111111111111,0.0,0.0,0.0,0.0,2
463,0.3333333333333333,0.0,0.0,0.0,0.1111111111111111,0.0,0.0,0.0,0.0,2
464,0.4444444444444444,0.1111111111111111,0.0,0.0,0.1111111111111111,0.0,0.0,0.0,0.0,2
465,0.3333333333333333,0.7777777777777778,0.6666666666666666,1.0,0.3333333333333333,1.0,0.6666666666666666,0.4444444444444444,0.0,4
466,0.4444444444444444,0.0,0.0,0.0,0.0,0.0,0.0,0.0,0.0,2
467,0.4444444444444444,0.2222222222222222,0.1111111111111111,0.3333333333333333,0.1111111111111111,0.0,0.0,0.0,0.0,2
468,0.8888888888888888,1.0,1.0,1.0,1.0,0.4444444444444444,1.0,1.0,1.0,4
469,0.7777777777777778,0.6666666666666666,0.7777777777777778,0.4444444444444444,0.4444444444444444,1.0,0.8888888888888888,1.0,0.0,4
470,0.4444444444444444,0.0,0.1111111111111111,0.0,0.1111111111111111,0.0,0.0,0.0,0.0,2
471,0.0,0.0,0.0,0.2222222222222222,0.0,0.2222222222222222,0.0,0.0,0.0,2
472,0.2222222222222222,0.0,0.0,0.0,0.0,0.0,0.1111111111111111,0.0,0.0,2
473,1.0,1.0,1.0,1.0,0.5555555555555556,1.0,0.7777777777777778,0.0,0.4444444444444444,4
474,0.2222222222222222,0.5555555555555556,0.3333333333333333,1.0,0.2222222222222222,0.2222222222222222,0.2222222222222222,0.3333333333333333,0.0,4
475,0.5555555555555556,0.2222222222222222,0.1111111111111111,0.0,0.2222222222222222,0.3333333333333333,0.3333333333333333,0.0,0.0,4
476,0.0,0.0,0.0,0.0,0.1111111111111111,0.0,0.0,0.0,0.0,2
477,0.4444444444444444,0.7777777777777778,0.8888888888888888,0.3333333333333333,0.2222222222222222,1.0,0.6666666666666666,0.0,0.0,4
478,0.3333333333333333,0.0,0.0,0.0,0.0,0.0,0.1111111111111111,0.0,0.0,2
479,0.4444444444444444,1.0,1.0,1.0,0.5555555555555556,1.0,0.5555555555555556,0.4444444444444444,0.1111111111111111,4
480,0.4444444444444444,0.0,0.1111111111111111,1.0,0.3333333333333333,0.4444444444444444,0.1111111111111111,0.0,0.0,2
481,0.2222222222222222,0.0,0.0,0.0,0.0,0.0,0.1111111111111111,0.0,0.0,2
482,0.0,0.0,0.0,0.0,0.0,0.0,0.0,0.0,0.0,2
483,0.3333333333333333,0.1111111111111111,0.0,0.0,0.1111111111111111,0.0,0.0,0.0,0.0,2
484,0.3333333333333333,0.0,0.0,0.0,0.1111111111111111,0.0,0.1111111111111111,0.0,0.0,2
485,0.3333333333333333,0.0,0.0,0.0,0.1111111111111111,0.0,0.1111111111111111,0.0,0.0,2
486,0.5555555555555556,0.0,0.0,0.0,0.1111111111111111,0.0,0.2222222222222222,0.0,0.0,2
487,0.3333333333333333,0.0,0.0,0.0,0.1111111111111111,0.0,0.1111111111111111,0.0,0.0,2
488,0.3333333333333333,0.0,0.0,0.1111111111111111,0.1111111111111111,0.0,0.1111111111111111,0.0,0.0,2
489,0.3333333333333333,0.0,0.0,0.0,0.1111111111111111,0.0,0.2222222222222222,0.0,0.0,2
490,0.0,0.0,0.0,0.0,0.1111111111111111,0.0,0.0,0.0,0.0,2
491,0.2222222222222222,0.2222222222222222,0.0,0.0,0.1111111111111111,0.0,0.0,0.0,0.0,2
492,0.7777777777777778,1.0,1.0,1.0,0.6666666666666666,0.4444444444444444,0.3333333333333333,0.7777777777777778,0.6666666666666666,4
493,0.0,0.0,0.0,0.0,0.1111111111111111,0.3333333333333333,0.0,0.0,0.0,2
494,0.4444444444444444,0.0,0.0,0.0,0.1111111111111111,0.0,0.0,0.0,0.0,2
495,0.1111111111111111,0.0,0.0,0.0,0.1111111111111111,0.0,0.0,0.0,0.0,2
496,0.0,0.0,0.0,0.0,0.1111111111111111,0.0,0.0,0.0,0.0,2
497,0.4444444444444444,0.0,0.0,0.0,0.1111111111111111,0.0,0.1111111111111111,0.0,0.0,2
498,0.4444444444444444,0.0,0.0,0.0,0.1111111111111111,0.0,0.0,0.0,0.0,2
499,0.2222222222222222,0.0,0.0,0.0,0.0,0.0,0.1111111111111111,0.0,0.0,2
500,0.5555555555555556,0.5555555555555556,0.6666666666666666,1.0,0.2222222222222222,1.0,0.7777777777777778,1.0,0.1111111111111111,4
501,0.3333333333333333,1.0,0.3333333333333333,0.6666666666666666,0.2222222222222222,1.0,0.8888888888888888,1.0,0.0,4
502,0.0,0.0,0.0,0.0,0.0,0.0,0.0,0.0,0.0,2
503,0.0,0.0,0.0,0.0,0.0,0.0,0.1111111111111111,0.0,0.0,2
504,0.2222222222222222,0.0,0.1111111111111111,0.1111111111111111,0.1111111111111111,0.0,0.0,0.0,0.0,2
505,0.3333333333333333,0.6666666666666666,0.7777777777777778,0.2222222222222222,0.3333333333333333,1.0,0.8888888888888888,0.0,0.0,4
506,0.0,0.0,0.0,0.0,0.2222222222222222,0.0,0.0,0.0,0.0,2
507,0.3333333333333333,0.0,0.0,0.0,0.2222222222222222,0.0,0.0,0.0,0.0,2
508,1.0,0.3333333333333333,0.4444444444444444,0.3333333333333333,0.2222222222222222,0.4444444444444444,0.6666666666666666,0.2222222222222222,0.0,4
509,0.6666666666666666,0.4444444444444444,0.5555555555555556,1.0,0.3333333333333333,1.0,0.4444444444444444,0.2222222222222222,0.0,4
510,0.2222222222222222,0.0,0.0,0.0,0.1111111111111111,0.0,0.1111111111111111,0.0,0.0,2
511,0.2222222222222222,0.0,0.0,0.1111111111111111,0.1111111111111111,0.0,0.0,0.0,0.0,2
512,0.3333333333333333,0.0,0.0,0.0,0.1111111111111111,0.0,0.0,0.0,0.0,2
513,0.3333333333333333,0.0,0.0,0.0,0.1111111111111111,0.0,0.2222222222222222,0.0,0.0,2
514,0.5555555555555556,0.0,0.2222222222222222,0.1111111111111111,0.1111111111111111,0.0,0.0,0.0,0.0,2
515,0.3333333333333333,0.0,0.0,0.0,0.0,0.0,0.1111111111111111,0.0,0.0,2
516,0.6666666666666666,0.3333333333333333,0.3333333333333333,0.2222222222222222,0.3333333333333333,1.0,0.5555555555555556,0.8888888888888888,0.0,4
517,0.3333333333333333,0.1111111111111111,0.1111111111111111,0.0,0.1111111111111111,0.0,0.1111111111111111,0.0,0.0,2
518,0.0,0.0,0.0,0.0,0.0,0.0,0.2222222222222222,0.0,0.0,2
519,0.2222222222222222,0.0,0.0,0.0,0.1111111111111111,0.0,0.1111111111111111,0.0,0.0,2
520,0.1111111111111111,0.0,0.0,0.0,0.1111111111111111,0.0,0.1111111111111111,0.0,0.0,2
521,0.0,0.0,0.2222222222222222,0.1111111111111111,0.1111111111111111,0.0,0.2222222222222222,0.0,0.0,2
522,0.4444444444444444,0.0,0.0,0.0,0.1111111111111111,0.0,0.2222222222222222,0.0,0.0,2
523,0.4444444444444444,0.0,0.1111111111111111,0.0,0.1111111111111111,0.0,0.2222222222222222,0.0,0.0,2
524,0.3333333333333333,0.0,0.0,0.0,0.1111111111111111,0.0,0.1111111111111111,0.0,0.0,2
525,0.5555555555555556,0.0,0.0,0.0,0.1111111111111111,0.0,0.1111111111111111,0.0,0.0,2
526,0.4444444444444444,0.0,0.0,0.0,0.1111111111111111,0.1111111111111111,0.1111111111111111,0.0,0.0,2
527,0.2222222222222222,0.0,0.0,0.0,0.1111111111111111,0.0,0.0,0.0,0.0,2
528,0.4444444444444444,0.2222222222222222,0.0,0.0,0.1111111111111111,0.0,0.0,0.0,0.0,2
529,0.3333333333333333,0.0,0.0,0.0,0.1111111111111111,0.0,0.1111111111111111,0.0,0.0,2
530,0.1111111111111111,0.0,0.2222222222222222,0.1111111111111111,0.1111111111111111,0.0,0.1111111111111111,0.0,0.0,2
531,0.4444444444444444,0.0,0.0,0.0,0.1111111111111111,0.0,0.1111111111111111,0.0,0.0,2
532,0.5555555555555556,1.0,1.0,1.0,0.3333333333333333,1.0,0.6666666666666666,1.0,0.0,4
533,0.1111111111111111,0.0,0.0,0.0,0.0,0.0,0.0,0.0,0.0,2
534,0.2222222222222222,0.0,0.0,0.0,0.0,0.0,0.0,0.0,0.0,2
535,0.6666666666666666,0.7777777777777778,0.2222222222222222,0.6666666666666666,0.3333333333333333,0.4444444444444444,0.6666666666666666,0.7777777777777778,0.1111111111111111,4
536,0.2222222222222222,0.0,0.0,0.0,0.1111111111111111,0.0,0.1111111111111111,0.0,0.0,2
537,0.0,0.0,0.0,0.0,0.1111111111111111,0.0,0.2222222222222222,0.0,0.0,2
538,0.2222222222222222,0.1111111111111111,0.1111111111111111,0.1111111111111111,0.1111111111111111,0.0,0.3333333333333333,0.1111111111111111,0.0,2
539,0.3333333333333333,0.3333333333333333,0.1111111111111111,0.0,0.1111111111111111,0.4444444444444444,0.1111111111111111,0.0,0.1111111111111111,2
540,0.2222222222222222,0.0,0.0,0.0,0.1111111111111111,0.0,0.0,0.0,0.0,2
541,0.3333333333333333,0.2222222222222222,0.0,0.0,0.1111111111111111,0.0,0.3333333333333333,0.7777777777777778,0.0,2
542,0.4444444444444444,0.1111111111111111,0.1111111111111111,0.1111111111111111,0.0,0.0,0.1111111111111111,0.0,0.0,2
543,0.4444444444444444,0.0,0.0,0.2222222222222222,0.1111111111111111,0.0,0.0,0.0,0.0,2
544,0.1111111111111111,0.0,0.0,0.0,0.1111111111111111,0.0,0.1111111111111111,0.0,0.0,2
545,0.4444444444444444,0.0,0.0,0.0,0.1111111111111111,0.0,0.1111111111111111,0.0,0.0,2
546,0.4444444444444444,0.0,0.0,0.0,0.1111111111111111,0.0,0.2222222222222222,0.0,0.0,2
547,0.4444444444444444,0.0,0.0,0.0,0.1111111111111111,0.0,0.2222222222222222,0.0,0.0,2
548,0.0,0.0,0.0,0.0,0.1111111111111111,0.0,0.2222222222222222,0.0,0.0,2
