549,0.2222222222222222,0.0,0.0,0.0,0.1111111111111111,0.0,0.1111111111111111,0.0,0.0,2
550,0.3333333333333333,0.0,0.0,0.0,0.1111111111111111,0.0,0.2222222222222222,0.1111111111111111,0.0,2
551,0.4444444444444444,0.6666666666666666,1.0,1.0,0.4444444444444444,1.0,1.0,1.0,0.0,4
552,0.2222222222222222,0.0,0.1111111111111111,0.0,0.1111111111111111,0.0,0.2222222222222222,0.0,0.0,2
553,0.3333333333333333,0.0,0.0,0.0,0.1111111111111111,0.2222222222222222,0.1111111111111111,0.0,0.0,2
554,0.7777777777777778,0.3333333333333333,0.3333333333333333,0.0,0.5555555555555556,1.0,0.1111111111111111,0.4444444444444444,0.1111111111111111,4
555,1.0,1.0,0.7777777777777778,1.0,0.5555555555555556,0.4444444444444444,1.0,0.2222222222222222,0.0,4
556,0.7777777777777778,1.0,0.3333333333333333,0.3333333333333333,0.7777777777777778,1.0,0.7777777777777778,0.1111111111111111,0.0,4
557,0.6666666666666666,0.5555555555555556,1.0,0.4444444444444444,0.2222222222222222,1.0,0.8888888888888888,1.0,0.1111111111111111,4
558,0.2222222222222222,0.0,0.0,0.0,0.1111111111111111,0.0,0.1111111111111111,0.0,0.0,2
559,0.0,0.0,0.0,0.0,0.1111111111111111,0.0,0.1111111111111111,0.0,0.0,2
560,1.0,0.8888888888888888,0.6666666666666666,0.2222222222222222,0.3333333333333333,0.1111111111111111,0.6666666666666666,0.6666666666666666,0.0,4
561,0.4444444444444444,0.0,0.1111111111111111,0.0,0.1111111111111111,0.0,0.2222222222222222,0.0,0.0,2
562,0.4444444444444444,0.0,0.0,0.0,0.1111111111111111,0.0,0.1111111111111111,0.0,0.0,2
563,0.0,0.0,0.0,0.0,0.1111111111111111,0.0,0.1111111111111111,0.0,0.0,2
564,0.0,0.0,0.0,0.0,0.1111111111111111,0.0,0.1111111111111111,0.0,0.0,2
565,0.0,0.0,0.0,0.0,0.1111111111111111,0.0,0.2222222222222222,0.0,0.0,2
566,0.4444444444444444,0.0,0.1111111111111111,0.0,0.1111111111111111,0.0,0.1111111111111111,0.0,0.0,2
567,0.4444444444444444,0.6666666666666666,1.0,0.5555555555555556,0.4444444444444444,1.0,0.6666666666666666,0.4444444444444444,0.0,4
568,0.5555555555555556,1.0,0.4444444444444444,0.4444444444444444,0.3333333333333333,1.0,0.5555555555555556,1.0,0.0,4
569,0.2222222222222222,0.0,0.0,0.0,0.1111111111111111,0.0,0.0,0.0,0.0,2
570,0.4444444444444444,0.0,0.0,0.5555555555555556,0.2222222222222222,0.0,0.0,0.0,0.0,2
571,0.0,0.0,0.0,0.0,0.1111111111111111,0.0,0.0,0.0,0.0,2
572,0.7777777777777778,1.0,1.0,1.0,0.5555555555555556,1.0,1.0,1.0,0.0,4
573,0.4444444444444444,0.0,0.0,0.0,0.1111111111111111,0.0,0.1111111111111111,0.1111111111111111,0.0,2
574,0.8888888888888888,0.7777777777777778,0.7777777777777778,0.8888888888888888,0.5555555555555556,0.2222222222222222,0.3333333333333333,0.0,0.0,4
575,0.4444444444444444,0.0,0.0,0.0,0.1111111111111111,0.0,0.0,0.0,0.0,2
576,0.3333333333333333,1.0,0.7777777777777778,0.4444444444444444,0.3333333333333333,0.0,1.0,0.0,0.0,4
577,0.1111111111111111,0.4444444444444444,0.6666666666666666,0.5555555555555556,0.3333333333333333,1.0,0.6666666666666666,0.5555555555555556,0.0,4
578,1.0,0.2222222222222222,0.3333333333333333,0.4444444444444444,0.2222222222222222,1.0,0.3333333333333333,0.0,0.0,4
579,0.4444444444444444,0.0,0.1111111111111111,0.0,0.1111111111111111,0.0,0.0,0.0,0.0,2
580,0.3333333333333333,0.7777777777777778,0.5555555555555556,0.2222222222222222,0.3333333333333333,1.0,0.6666666666666666,0.0,0.0,4
581,0.4444444444444444,0.0,0.0,0.0,0.1111111111111111,0.0,0.1111111111111111,0.0,0.0,2
582,0.3333333333333333,0.0,0.1111111111111111,0.0,0.1111111111111111,0.0,0.1111111111111111,0.0,0.0,2
583,0.4444444444444444,0.0,0.2222222222222222,0.0,0.1111111111111111,0.0,0.2222222222222222,0.0,0.0,2
584,0.2222222222222222,0.0,0.0,0.0,0.1111111111111111,0.0,0.1111111111111111,0.0,0.0,2
585,0.4444444444444444,0.1111111111111111,0.3333333333333333,0.0,0.0,0.0,0.0,0.0,0.0,2
586,0.2222222222222222,0.0,0.0,0.0,0.1111111111111111,0.0,0.1111111111111111,0.0,0.0,2
587,0.0,0.0,0.0,0.0,0.0,0.0,0.1111111111111111,0.0,0.0,2
588,0.3333333333333333,0.0,0.0,0.0,0.1111111111111111,0.0,0.1111111111111111,0.0,0.0,2
589,0.4444444444444444,0.3333333333333333,0.5555555555555556,0.7777777777777778,0.3333333333333333,0.0,0.7777777777777778,1.0,0.0,4
590,0.4444444444444444,0.2222222222222222,0.1111111111111111,0.7777777777777778,0.4444444444444444,1.0,0.7777777777777778,0.0,0.1111111111111111,4
591,1.0,0.4444444444444444,1.0,0.2222222222222222,0.4444444444444444,0.7777777777777778,0.6666666666666666,0.7777777777777778,0.2222222222222222,4
592,0.3333333333333333,0.0,0.0,0.1111111111111111,0.1111111111111111,0.0,0.0,0.0,0.0,2
593,0.0,0.0,0.0,0.0,0.1111111111111111,0.0,0.0,0.0,0.0,2
594,0.4444444444444444,1.0,1.0,1.0,1.0,1.0,1.0,0.0,0.0,4
595,0.4444444444444444,0.0,0.0,0.0,0.1111111111111111,0.0,0.0,0.0,0.0,2
596,1.0,0.3333333333333333,0.2222222222222222,1.0,0.2222222222222222,1.0,0.6666666666666666,0.0,0.1111111111111111,4
597,0.4444444444444444,1.0,1.0,1.0,0.4444444444444444,0.1111111111111111,0.7777777777777778,0.4444444444444444,0.0,4
598,0.7777777777777778,1.0,1.0,1.0,0.5555555555555556,1.0,1.0,1.0,1.0,4
599,0.1111111111111111,0.2222222222222222,0.0,0.0,0.1111111111111111,0.0,0.1111111111111111,0.0,0.0,2
600,0.1111111111111111,0.0,0.0,0.0,0.0,0.0,0.1111111111111111,0.0,0.0,2
601,0.3333333333333333,0.0,0.2222222222222222,0.0,0.1111111111111111,0.0,0.1111111111111111,0.0,0.0,2
602,0.2222222222222222,0.0,0.0,0.0,0.1111111111111111,0.0,0.1111111111111111,0.0,0.0,2
603,0.3333333333333333,0.0,0.0,0.0,0.1111111111111111,0.0,0.1111111111111111,0.0,0.0,2
604,0.4444444444444444,0.0,0.0,0.0,0.1111111111111111,0.0,0.1111111111111111,0.0,0.0,2
605,0.2222222222222222,0.0,0.0,0.0,0.1111111111111111,0.0,0.1111111111111111,0.0,0.0,2
606,0.5555555555555556,0.2222222222222222,0.2222222222222222,0.2222222222222222,0.2222222222222222,0.1111111111111111,0.5555555555555556,0.0,0.0,2
607,0.6666666666666666,0.0,0.1111111111111111,0.2222222222222222,0.1111111111111111,0.0,0.1111111111111111,0.0,0.0,2
608,0.0,0.0,0.0,0.0,0.1111111111111111,0.0,0.0,0.0,0.0,2
609,0.4444444444444444,0.0,0.0,0.1111111111111111,0.0,0.0,0.1111111111111111,0.0,0.0,2
610,0.2222222222222222,0.0,0.2222222222222222,0.0,0.2222222222222222,0.3333333333333333,0.0,0.0,0.0,2
611,0.3333333333333333,0.5555555555555556,0.5555555555555556,0.4444444444444444,0.6666666666666666,0.5555555555555556,0.6666666666666666,0.6666666666666666,0.2222222222222222,4
612,0.1111111111111111,0.0,0.0,0.0,0.1111111111111111,0.4444444444444444,0.0,0.0,0.0,2
613,0.1111111111111111,0.0,0.0,0.0,0.1111111111111111,0.0,0.0,0.0,0.0,2
614,0.3333333333333333,0.0,0.0,0.0,0.1111111111111111,0.0,0.0,0.0,0.0,2
615,0.5555555555555556,0.1111111111111111,0.2222222222222222,0.0,0.1111111111111111,0.0,0.0,0.0,0.0,2
616,0.4444444444444444,0.0,0.0,0.0,0.1111111111111111,0.0,0.1111111111111111,0.0,0.0,2
617,0.0,0.0,0.0,0.0,0.1111111111111111,0.0,0.0,0.0,0.0,2
618,0.7777777777777778,0.6666666666666666,0.3333333333333333,0.3333333333333333,0.4444444444444444,0.2222222222222222,0.4444444444444444,1.0,0.0,4
619,0.2222222222222222,0.0,0.0,0.0,0.1111111111111111,0.0,0.0,0.0,0.0,2
620,0.2222222222222222,0.0,0.3333333333333333,0.0,0.1111111111111111,0.0,0.0,0.0,0.0,2
621,1.0,1.0,0.6666666666666666,0.7777777777777778,0.6666666666666666,0.0,1.0,1.0,0.2222222222222222,4
622,0.3333333333333333,0.1111111111111111,0.3333333333333333,0.2222222222222222,0.1111111111111111,0.1111111111111111,0.1111111111111111,0.0,0.0,2
623,0.3333333333333333,0.0,0.0,0.0,0.1111111111111111,0.0,0.0,0.0,0.0,2
624,0.4444444444444444,0.0,0.0,0.2222222222222222,0.1111111111111111,0.0,0.0,0.0,0.0,2
625,0.3333333333333333,0.0,0.0,0.2222222222222222,0.1111111111111111,0.0,0.0,0.0,0.0,2
626,0.2222222222222222,0.0,0.0,0.0,0.1111111111111111,0.0,0.1111111111111111,0.0,0.0,2
627,0.2222222222222222,0.0,0.0,0.0,0.1111111111111111,0.0,0.1111111111111111,0.0,0.0,2
628,0.0,0.0,0.0,0.0,0.1111111111111111,0.0,0.0,0.0,0.0,2
629,0.1111111111111111,0.0,0.0,0.0,0.1111111111111111,0.0,0.0,0.0,0.0,2
630,0.2222222222222222,0.0,0.0,0.0,0.1111111111111111,0.0,0.1111111111111111,0.0,0.0,2
631,0.0,0.1111111111111111,0.1111111111111111,0.0,0.1111111111111111,0.0,0.0,0.0,0.0,2
632,0.0,0.0,0.0,0.2222222222222222,0.1111111111111111,0.0,0.0,0.0,0.0,2
633,0.4444444444444444,1.0,1.0,1.0,1.0,0.1111111111111111,1.0,1.0,1.0,4
634,0.2222222222222222,0.0,0.0,0.0,0.1111111111111111,0.0,0.1111111111111111,0.0,0.0,2
635,0.2222222222222222,0.0,0.0,0.1111111111111111,0.2222222222222222,0.3333333333333333,0.0,0.0,0.0,2
636,0.0,0.1111111111111111,0.0,0.2222222222222222,0.1111111111111111,0.0,0.1111111111111111,0.0,0.0,2
637,0.4444444444444444,0.0,0.0,0.0,0.1111111111111111,0.0,0.1111111111111111,0.1111111111111111,0.0,2
638,0.3333333333333333,0.0,0.0,0.0,0.1111111111111111,0.0,0.1111111111111111,0.0,0.0,2
639,0.2222222222222222,0.0,0.0,0.0,0.1111111111111111,0.0,0.2222222222222222,0.0,0.0,2
640,0.2222222222222222,0.0,0.0,0.0,0.1111111111111111,0.0,0.1111111111111111,0.0,0.0,2
641,0.4444444444444444,0.0,0.0,0.0,0.1111111111111111,0.0,0.1111111111111111,0.0,0.0,2
642,0.4444444444444444,0.3333333333333333,0.4444444444444444,0.0,0.7777777777777778,0.0,0.2222222222222222,0.5555555555555556,0.0,2
643,0.6666666666666666,0.7777777777777778,0.7777777777777778,0.6666666666666666,0.2222222222222222,1.0,0.6666666666666666,0.1111111111111111,0.2222222222222222,4
644,0.0,0.0,0.0,0.0,0.1111111111111111,0.0,0.0,0.0,0.0,2
645,0.0,0.0,0.0,0.0,0.1111111111111111,0.0,0.1111111111111111,0.0,0.0,2
646,0.3333333333333333,0.0,0.0,0.0,0.1111111111111111,0.0,0.2222222222222222,0.0,0.0,2
647,0.0,0.0,0.2222222222222222,0.0,0.1111111111111111,0.0,0.1111111111111111,0.0,0.0,2
648,0.0,0.0,0.2222222222222222,0.0,0.1111111111111111,0.0,0.1111111111111111,0.0,0.0,2
649,0.2222222222222222,0.0,0.0,0.2222222222222222,0.1111111111111111,0.0,0.1111111111111111,0.0,0.0,2
650,0.0,0.0,0.0,0.0,0.1111111111111111,0.0,0.0,0.0,0.0,2
651,0.4444444444444444,0.1111111111111111,0.1111111111111111,0.1111111111111111,0.1111111111111111,0.0,0.0,0.0,0.1111111111111111,2
652,0.2222222222222222,0.0,0.0,0.0,0.1111111111111111,0.0,0.2222222222222222,0.0,0.0,2
653,0.4444444444444444,0.6666666666666666,0.3333333333333333,0.0,0.5555555555555556,0.0,0.6666666666666666,1.0,0.2222222222222222,4
654,0.4444444444444444,1.0,1.0,0.7777777777777778,0.4444444444444444,0.4444444444444444,0.6666666666666666,1.0,0.0,4
655,0.2222222222222222,1.0,0.6666666666666666,0.7777777777777778,0.4444444444444444,0.7777777777777778,0.6666666666666666,0.3333333333333333,0.0,4
656,0.2222222222222222,0.1111111111111111,0.0,0.1111111111111111,0.1111111111111111,0.0,0.2222222222222222,0.0,0.0,2
657,0.1111111111111111,0.0,0.0,0.0,0.1111111111111111,0.0,0.2222222222222222,0.0,0.0,2
658,0.4444444444444444,0.2222222222222222,0.1111111111111111,0.0,0.2222222222222222,0.0,0.0,0.0,0.0,2
659,0.0,0.0,0.0,0.0,0.1111111111111111,0.0,0.1111111111111111,0.0,0.0,2
660,0.3333333333333333,0.0,0.3333333333333333,0.0,0.1111111111111111,0.0,0.0,0.0,0.0,2
661,0.0,0.0,0.1111111111111111,0.0,0.1111111111111111,0.0,0.1111111111111111,0.0,0.0,2
662,0.4444444444444444,0.0,0.0,0.0,0.1111111111111111,0.0,0.0,0.0,0.0,2
663,0.0,0.0,0.0,0.0,0.1111111111111111,0.0,0.0,0.0,0.0,2
664,0.1111111111111111,0.0,0.0,0.0,0.1111111111111111,0.0,0.0,0.0,0.0,2
665,1.0,1.0,1.0,1.0,0.4444444444444444,1.0,1.0,1.0,0.6666666666666666,4
666,0.4444444444444444,1.0,1.0,1.0,0.3333333333333333,1.0,0.4444444444444444,0.5555555555555556,0.2222222222222222,4
667,0.4444444444444444,0.0,0.0,0.0,0.1111111111111111,0.0,0.2222222222222222,0.1111111111111111,0.0,2
668,0.0,0.0,0.0,0.0,0.1111111111111111,0.0,0.0,0.0,0.0,2
669,0.0,0.0,0.0,0.0,0.1111111111111111,0.0,0.0,0.0,0.0,2
670,0.0,0.0,0.0,0.0,0.1111111111111111,0.0,0.0,0.0,0.0,2
671,0.0,0.0,0.0,0.0,0.1111111111111111,0.0,0.0,0.0,0.0,2
672,0.2222222222222222,0.0,0.0,0.0,0.1111111111111111,0.0,0.1111111111111111,0.2222222222222222,0.0,2
673,0.3333333333333333,0.0,0.0,0.0,0.1111111111111111,0.0,0.0,0.0,0.0,2
674,0.0,0.0,0.0,0.0,0.1111111111111111,0.0,0.0,0.0,0.7777777777777778,2
675,0.0,0.0,0.0,0.2222222222222222,0.1111111111111111,0.0,0.0,0.0,0.0,2
676,0.4444444444444444,1.0,1.0,0.4444444444444444,0.3333333333333333,0.4444444444444444,0.3333333333333333,0.3333333333333333,0.0,4
677,0.2222222222222222,0.0,0.0,0.0,0.1111111111111111,0.0,0.0,0.0,0.0,2
678,0.2222222222222222,0.0,0.0,0.0,0.1111111111111111,0.0,0.1111111111111111,0.0,0.1111111111111111,2
679,0.2222222222222222,0.0,0.0,0.0,0.2222222222222222,0.1111111111111111,0.0,0.0,0.0,2
680,0.1111111111111111,0.0,0.0,0.0,0.1111111111111111,0.0,0.0,0.0,0.0,2
681,0.4444444444444444,1.0,1.0,0.2222222222222222,0.6666666666666666,0.2222222222222222,0.7777777777777778,1.0,0.1111111111111111,4
682,0.3333333333333333,0.7777777777777778,0.5555555555555556,0.3333333333333333,0.2222222222222222,0.3333333333333333,1.0,0.5555555555555556,0.0,4
683,0.3333333333333333,0.7777777777777778,0.7777777777777778,0.4444444444444444,0.3333333333333333,0.4444444444444444,1.0,0.3333333333333333,0.0,4
